{
 "cells": [
  {
   "cell_type": "code",
   "execution_count": 1,
   "metadata": {
    "collapsed": true
   },
   "outputs": [],
   "source": [
    "import networkx as nx\n",
    "import gensim.models\n",
    "from os import walk\n",
    "import numpy as np\n",
    "import pandas as pd\n",
    "import pickle\n",
    "import sys\n",
    "import re\n",
    "import semanticanalysis as sa\n",
    "import functools\n",
    "import itertools\n",
    "from multiprocessing import Pool\n",
    "import sys\n",
    "import pickle"
   ]
  },
  {
   "cell_type": "markdown",
   "metadata": {},
   "source": [
    "## Single Network"
   ]
  },
  {
   "cell_type": "code",
   "execution_count": 35,
   "metadata": {},
   "outputs": [
    {
     "name": "stdout",
     "output_type": "stream",
     "text": [
      "\\begin{tabular}{ l | c c c c c c c c c c }\n",
      "\\hline\n",
      "sources & breitbart & cbsnews & cnn & foxnews & huffpo & nytimes & reuters & usatoday & wapo & watimes} \\\\\n",
      "\\hline\n",
      "breitbart & - & - & - & - & - & - & - & - & - & - \\\\\n",
      "cbsnews & 7.550 & - & - & - & - & - & - & - & - & - \\\\\n",
      "cnn & 8.657 & 5.246 & - & - & - & - & - & - & - & - \\\\\n",
      "foxnews & 9.473 & 6.592 & 9.247 & - & - & - & - & - & - & - \\\\\n",
      "huffpo & 4.477 & 2.373 & 6.016 & 4.827 & - & - & - & - & - & - \\\\\n",
      "nytimes & 5.150 & 2.688 & 6.909 & 5.590 & 9.364 & - & - & - & - & - \\\\\n",
      "reuters & 4.210 & 2.273 & 5.818 & 4.583 & 9.206 & 9.108 & - & - & - & - \\\\\n",
      "usatoday & 6.769 & 9.776 & 4.595 & 5.800 & 2.027 & 2.342 & 1.968 & - & - & - \\\\\n",
      "wapo & 4.264 & 2.213 & 5.895 & 4.591 & 9.460 & 9.396 & 9.254 & 1.914 & - & - \\\\\n",
      "watimes & 6.432 & 3.331 & 8.325 & 6.983 & 8.319 & 9.027 & 8.076 & 2.923 & 8.238 & - \\\\\n",
      "\\end{tabular}\n"
     ]
    }
   ],
   "source": [
    "L = 5\n",
    "G = nx.read_gexf('results/srcnets/trump-99.gexf')\n",
    "nodes = list(sorted(G.nodes()))\n",
    "print('\\\\begin{tabular}{ l |', ' '.join(['c',]*len(G.nodes())), '}')\n",
    "print('\\\\hline')\n",
    "print('sources &', ' & '.join([v.split('_')[0] for v in nodes])+'}', '\\\\\\\\')\n",
    "print('\\\\hline')\n",
    "for u in nodes:\n",
    "    srcname = u.split('_')[0]\n",
    "    weights = [(v, G.edge[u][v]['weight']) for v in nodes]\n",
    "    wstrings = ['{0:.3f}'.format(w) if v < u else '-' for v,w in weights]\n",
    "    print(srcname, '&', ' & '.join(wstrings), '\\\\\\\\')\n",
    "    \n",
    "print('\\\\end{tabular}')"
   ]
  },
  {
   "cell_type": "code",
   "execution_count": 4,
   "metadata": {},
   "outputs": [
    {
     "data": {
      "text/html": [
       "<div>\n",
       "<style>\n",
       "    .dataframe thead tr:only-child th {\n",
       "        text-align: right;\n",
       "    }\n",
       "\n",
       "    .dataframe thead th {\n",
       "        text-align: left;\n",
       "    }\n",
       "\n",
       "    .dataframe tbody tr th {\n",
       "        vertical-align: top;\n",
       "    }\n",
       "</style>\n",
       "<table border=\"1\" class=\"dataframe\">\n",
       "  <thead>\n",
       "    <tr style=\"text-align: right;\">\n",
       "      <th></th>\n",
       "      <th>nytimes_pars</th>\n",
       "      <th>cbsnews_pars</th>\n",
       "      <th>usatoday_pars</th>\n",
       "      <th>reuters_pars</th>\n",
       "      <th>cnn_pars</th>\n",
       "      <th>wapo_pars</th>\n",
       "      <th>foxnews_pars</th>\n",
       "      <th>watimes_pars</th>\n",
       "      <th>breitbart_pars</th>\n",
       "      <th>huffpo_pars</th>\n",
       "    </tr>\n",
       "  </thead>\n",
       "  <tbody>\n",
       "    <tr>\n",
       "      <th>nytimes_pars</th>\n",
       "      <td>1.000000</td>\n",
       "      <td>0.421876</td>\n",
       "      <td>0.391960</td>\n",
       "      <td>0.577537</td>\n",
       "      <td>0.658361</td>\n",
       "      <td>0.746602</td>\n",
       "      <td>0.617013</td>\n",
       "      <td>0.708238</td>\n",
       "      <td>0.519877</td>\n",
       "      <td>0.680247</td>\n",
       "    </tr>\n",
       "    <tr>\n",
       "      <th>cbsnews_pars</th>\n",
       "      <td>0.421876</td>\n",
       "      <td>1.000000</td>\n",
       "      <td>0.571212</td>\n",
       "      <td>0.368547</td>\n",
       "      <td>0.497727</td>\n",
       "      <td>0.405371</td>\n",
       "      <td>0.618158</td>\n",
       "      <td>0.434685</td>\n",
       "      <td>0.456361</td>\n",
       "      <td>0.364007</td>\n",
       "    </tr>\n",
       "    <tr>\n",
       "      <th>usatoday_pars</th>\n",
       "      <td>0.391960</td>\n",
       "      <td>0.571212</td>\n",
       "      <td>1.000000</td>\n",
       "      <td>0.335006</td>\n",
       "      <td>0.379585</td>\n",
       "      <td>0.369974</td>\n",
       "      <td>0.447083</td>\n",
       "      <td>0.415852</td>\n",
       "      <td>0.408051</td>\n",
       "      <td>0.363398</td>\n",
       "    </tr>\n",
       "    <tr>\n",
       "      <th>reuters_pars</th>\n",
       "      <td>0.577537</td>\n",
       "      <td>0.368547</td>\n",
       "      <td>0.335006</td>\n",
       "      <td>1.000000</td>\n",
       "      <td>0.535347</td>\n",
       "      <td>0.583582</td>\n",
       "      <td>0.485657</td>\n",
       "      <td>0.554962</td>\n",
       "      <td>0.430513</td>\n",
       "      <td>0.533954</td>\n",
       "    </tr>\n",
       "    <tr>\n",
       "      <th>cnn_pars</th>\n",
       "      <td>0.658361</td>\n",
       "      <td>0.497727</td>\n",
       "      <td>0.379585</td>\n",
       "      <td>0.535347</td>\n",
       "      <td>1.000000</td>\n",
       "      <td>0.673022</td>\n",
       "      <td>0.742796</td>\n",
       "      <td>0.658371</td>\n",
       "      <td>0.627762</td>\n",
       "      <td>0.577464</td>\n",
       "    </tr>\n",
       "    <tr>\n",
       "      <th>wapo_pars</th>\n",
       "      <td>0.746602</td>\n",
       "      <td>0.405371</td>\n",
       "      <td>0.369974</td>\n",
       "      <td>0.583582</td>\n",
       "      <td>0.673022</td>\n",
       "      <td>1.000000</td>\n",
       "      <td>0.602966</td>\n",
       "      <td>0.748504</td>\n",
       "      <td>0.507554</td>\n",
       "      <td>0.693967</td>\n",
       "    </tr>\n",
       "    <tr>\n",
       "      <th>foxnews_pars</th>\n",
       "      <td>0.617013</td>\n",
       "      <td>0.618158</td>\n",
       "      <td>0.447083</td>\n",
       "      <td>0.485657</td>\n",
       "      <td>0.742796</td>\n",
       "      <td>0.602966</td>\n",
       "      <td>1.000000</td>\n",
       "      <td>0.648305</td>\n",
       "      <td>0.626897</td>\n",
       "      <td>0.539643</td>\n",
       "    </tr>\n",
       "    <tr>\n",
       "      <th>watimes_pars</th>\n",
       "      <td>0.708238</td>\n",
       "      <td>0.434685</td>\n",
       "      <td>0.415852</td>\n",
       "      <td>0.554962</td>\n",
       "      <td>0.658371</td>\n",
       "      <td>0.748504</td>\n",
       "      <td>0.648305</td>\n",
       "      <td>1.000000</td>\n",
       "      <td>0.527085</td>\n",
       "      <td>0.653886</td>\n",
       "    </tr>\n",
       "    <tr>\n",
       "      <th>breitbart_pars</th>\n",
       "      <td>0.519877</td>\n",
       "      <td>0.456361</td>\n",
       "      <td>0.408051</td>\n",
       "      <td>0.430513</td>\n",
       "      <td>0.627762</td>\n",
       "      <td>0.507554</td>\n",
       "      <td>0.626897</td>\n",
       "      <td>0.527085</td>\n",
       "      <td>1.000000</td>\n",
       "      <td>0.439645</td>\n",
       "    </tr>\n",
       "    <tr>\n",
       "      <th>huffpo_pars</th>\n",
       "      <td>0.680247</td>\n",
       "      <td>0.364007</td>\n",
       "      <td>0.363398</td>\n",
       "      <td>0.533954</td>\n",
       "      <td>0.577464</td>\n",
       "      <td>0.693967</td>\n",
       "      <td>0.539643</td>\n",
       "      <td>0.653886</td>\n",
       "      <td>0.439645</td>\n",
       "      <td>1.000000</td>\n",
       "    </tr>\n",
       "  </tbody>\n",
       "</table>\n",
       "</div>"
      ],
      "text/plain": [
       "                nytimes_pars  cbsnews_pars  usatoday_pars  reuters_pars  \\\n",
       "nytimes_pars        1.000000      0.421876       0.391960      0.577537   \n",
       "cbsnews_pars        0.421876      1.000000       0.571212      0.368547   \n",
       "usatoday_pars       0.391960      0.571212       1.000000      0.335006   \n",
       "reuters_pars        0.577537      0.368547       0.335006      1.000000   \n",
       "cnn_pars            0.658361      0.497727       0.379585      0.535347   \n",
       "wapo_pars           0.746602      0.405371       0.369974      0.583582   \n",
       "foxnews_pars        0.617013      0.618158       0.447083      0.485657   \n",
       "watimes_pars        0.708238      0.434685       0.415852      0.554962   \n",
       "breitbart_pars      0.519877      0.456361       0.408051      0.430513   \n",
       "huffpo_pars         0.680247      0.364007       0.363398      0.533954   \n",
       "\n",
       "                cnn_pars  wapo_pars  foxnews_pars  watimes_pars  \\\n",
       "nytimes_pars    0.658361   0.746602      0.617013      0.708238   \n",
       "cbsnews_pars    0.497727   0.405371      0.618158      0.434685   \n",
       "usatoday_pars   0.379585   0.369974      0.447083      0.415852   \n",
       "reuters_pars    0.535347   0.583582      0.485657      0.554962   \n",
       "cnn_pars        1.000000   0.673022      0.742796      0.658371   \n",
       "wapo_pars       0.673022   1.000000      0.602966      0.748504   \n",
       "foxnews_pars    0.742796   0.602966      1.000000      0.648305   \n",
       "watimes_pars    0.658371   0.748504      0.648305      1.000000   \n",
       "breitbart_pars  0.627762   0.507554      0.626897      0.527085   \n",
       "huffpo_pars     0.577464   0.693967      0.539643      0.653886   \n",
       "\n",
       "                breitbart_pars  huffpo_pars  \n",
       "nytimes_pars          0.519877     0.680247  \n",
       "cbsnews_pars          0.456361     0.364007  \n",
       "usatoday_pars         0.408051     0.363398  \n",
       "reuters_pars          0.430513     0.533954  \n",
       "cnn_pars              0.627762     0.577464  \n",
       "wapo_pars             0.507554     0.693967  \n",
       "foxnews_pars          0.626897     0.539643  \n",
       "watimes_pars          0.527085     0.653886  \n",
       "breitbart_pars        1.000000     0.439645  \n",
       "huffpo_pars           0.439645     1.000000  "
      ]
     },
     "execution_count": 4,
     "metadata": {},
     "output_type": "execute_result"
    }
   ],
   "source": [
    "G = nx.read_gexf('results/srcnets/trump-500.gexf')\n",
    "df = pd.DataFrame(nx.to_numpy_matrix(G), index=G.nodes(), columns=G.nodes())\n",
    "df"
   ]
  },
  {
   "cell_type": "markdown",
   "metadata": {},
   "source": [
    "## Network Comparison"
   ]
  },
  {
   "cell_type": "code",
   "execution_count": 5,
   "metadata": {},
   "outputs": [
    {
     "name": "stdout",
     "output_type": "stream",
     "text": [
      "\\begin{tabular}{ l | c c c c c c c c c c }\n",
      "\\hline\n",
      "sources & breitbart & cbsnews & cnn & foxnews & huffpo & nytimes & reuters & usatoday & wapo & watimes} \\\\\n",
      "\\hline\n",
      "breitbart & - & - & - & - & - & - & - & - & - & - \\\\\n",
      "cbsnews & 0.042 & - & - & - & - & - & - & - & - & - \\\\\n",
      "cnn & -0.047 & 0.102 & - & - & - & - & - & - & - & - \\\\\n",
      "foxnews & -0.054 & 0.061 & -0.024 & - & - & - & - & - & - & - \\\\\n",
      "huffpo & -0.107 & 0.115 & -0.068 & -0.039 & - & - & - & - & - & - \\\\\n",
      "nytimes & -0.045 & 0.148 & -0.032 & -0.008 & -0.110 & - & - & - & - & - \\\\\n",
      "reuters & 0.016 & 0.155 & -0.013 & -0.016 & -0.076 & -0.036 & - & - & - & - \\\\\n",
      "usatoday & 0.091 & -0.034 & 0.048 & 0.051 & 0.119 & 0.114 & 0.156 & - & - & - \\\\\n",
      "wapo & -0.062 & 0.126 & -0.027 & -0.042 & -0.121 & -0.085 & -0.052 & 0.121 & - & - \\\\\n",
      "watimes & -0.078 & 0.099 & -0.085 & -0.073 & -0.079 & -0.072 & -0.031 & 0.134 & -0.061 & - \\\\\n",
      "\\end{tabular}\n"
     ]
    }
   ],
   "source": [
    "L = 5\n",
    "H = nx.read_gexf('results/srcnets/trump-0.gexf')\n",
    "G = nx.read_gexf('results/srcnets/trump-999.gexf')\n",
    "nodes = list(sorted(G.nodes()))\n",
    "print('\\\\begin{tabular}{ l |', ' '.join(['c',]*len(G.nodes())), '}')\n",
    "print('\\\\hline')\n",
    "print('sources &', ' & '.join([v.split('_')[0] for v in nodes])+'}', '\\\\\\\\')\n",
    "print('\\\\hline')\n",
    "for u in nodes:\n",
    "    srcname = u.split('_')[0]\n",
    "    weights = [(v, G.edge[u][v]['weight']-H.edge[u][v]['weight']) for v in nodes]\n",
    "    wstrings = ['{0:.3f}'.format(w) if v < u else '-' for v,w in weights]\n",
    "    print(srcname, '&', ' & '.join(wstrings), '\\\\\\\\')\n",
    "    \n",
    "print('\\\\end{tabular}')"
   ]
  }
 ],
 "metadata": {
  "kernelspec": {
   "display_name": "Python [conda root]",
   "language": "python",
   "name": "conda-root-py"
  },
  "language_info": {
   "codemirror_mode": {
    "name": "ipython",
    "version": 3
   },
   "file_extension": ".py",
   "mimetype": "text/x-python",
   "name": "python",
   "nbconvert_exporter": "python",
   "pygments_lexer": "ipython3",
   "version": "3.5.3"
  }
 },
 "nbformat": 4,
 "nbformat_minor": 2
}
